198784 30 103808 104843 104844 104845 104846 104847 104848 104849 104850 104851 104944 105383 198161 198162 198163 198164 198165 198166 198167 198168 198169 198170 198171 198172 198173 198174 198175 198177 198776 198777
102541 2 228570 228572
198177 30 103808 104843 104844 104845 104846 104847 104848 104849 104850 104851 104944 105383 198161 198162 198163 198164 198165 198166 198167 198168 198169 198170 198171 198172 198173 198174 198175 198776 198777 198784
105383 29 103808 104843 104844 104845 104846 104847 104848 104849 104850 104851 198161 198162 198163 198164 198165 198166 198167 198168 198169 198170 198171 198172 198173 198174 198175 198177 198776 198777 198784
65036 1 178739
198161 30 103808 104843 104844 104845 104846 104847 104848 104849 104850 104851 104944 105383 198162 198163 198164 198165 198166 198167 198168 198169 198170 198171 198172 198173 198174 198175 198177 198776 198777 198784
198162 30 103808 104843 104844 104845 104846 104847 104848 104849 104850 104851 104944 105383 198161 198163 198164 198165 198166 198167 198168 198169 198170 198171 198172 198173 198174 198175 198177 198776 198777 198784
198163 30 103808 104843 104844 104845 104846 104847 104848 104849 104850 104851 104944 105383 198161 198162 198164 198165 198166 198167 198168 198169 198170 198171 198172 198173 198174 198175 198177 198776 198777 198784
198164 30 103808 104843 104844 104845 104846 104847 104848 104849 104850 104851 104944 105383 198161 198162 198163 198165 198166 198167 198168 198169 198170 198171 198172 198173 198174 198175 198177 198776 198777 198784
228570 2 102541 228572
198777 30 103808 104843 104844 104845 104846 104847 104848 104849 104850 104851 104944 105383 198161 198162 198163 198164 198165 198166 198167 198168 198169 198170 198171 198172 198173 198174 198175 198177 198776 198784
198776 30 103808 104843 104844 104845 104846 104847 104848 104849 104850 104851 104944 105383 198161 198162 198163 198164 198165 198166 198167 198168 198169 198170 198171 198172 198173 198174 198175 198177 198777 198784
198169 30 103808 104843 104844 104845 104846 104847 104848 104849 104850 104851 104944 105383 198161 198162 198163 198164 198165 198166 198167 198168 198170 198171 198172 198173 198174 198175 198177 198776 198777 198784
104851 30 103808 104843 104844 104845 104846 104847 104848 104849 104850 104944 105383 198161 198162 198163 198164 198165 198166 198167 198168 198169 198170 198171 198172 198173 198174 198175 198177 198776 198777 198784
178739 2 65036 85986
198168 30 103808 104843 104844 104845 104846 104847 104848 104849 104850 104851 104944 105383 198161 198162 198163 198164 198165 198166 198167 198169 198170 198171 198172 198173 198174 198175 198177 198776 198777 198784
104850 27 103808 104843 104847 104848 104849 104851 104944 105383 198161 198162 198163 198164 198165 198166 198167 198168 198169 198170 198171 198172 198173 198174 198175 198177 198776 198777 198784
198167 30 103808 104843 104844 104845 104846 104847 104848 104849 104850 104851 104944 105383 198161 198162 198163 198164 198165 198166 198168 198169 198170 198171 198172 198173 198174 198175 198177 198776 198777 198784
103808 30 104843 104844 104845 104846 104847 104848 104849 104850 104851 104944 105383 198161 198162 198163 198164 198165 198166 198167 198168 198169 198170 198171 198172 198173 198174 198175 198177 198776 198777 198784
198166 30 103808 104843 104844 104845 104846 104847 104848 104849 104850 104851 104944 105383 198161 198162 198163 198164 198165 198167 198168 198169 198170 198171 198172 198173 198174 198175 198177 198776 198777 198784
228572 2 102541 228570
198165 30 103808 104843 104844 104845 104846 104847 104848 104849 104850 104851 104944 105383 198161 198162 198163 198164 198166 198167 198168 198169 198170 198171 198172 198173 198174 198175 198177 198776 198777 198784
198174 29 103808 104843 104844 104845 104846 104847 104848 104849 104850 104851 105383 198161 198162 198163 198164 198165 198166 198167 198168 198169 198170 198171 198172 198173 198175 198177 198776 198777 198784
104843 30 103808 104844 104845 104846 104847 104848 104849 104850 104851 104944 105383 198161 198162 198163 198164 198165 198166 198167 198168 198169 198170 198171 198172 198173 198174 198175 198177 198776 198777 198784
198175 30 103808 104843 104844 104845 104846 104847 104848 104849 104850 104851 104944 105383 198161 198162 198163 198164 198165 198166 198167 198168 198169 198170 198171 198172 198173 198174 198177 198776 198777 198784
104844 27 103808 104843 104845 104846 104847 104851 104944 105383 198161 198162 198163 198164 198165 198166 198167 198168 198169 198170 198171 198172 198173 198174 198175 198177 198776 198777 198784
198172 30 103808 104843 104844 104845 104846 104847 104848 104849 104850 104851 104944 105383 198161 198162 198163 198164 198165 198166 198167 198168 198169 198170 198171 198173 198174 198175 198177 198776 198777 198784
198173 30 103808 104843 104844 104845 104846 104847 104848 104849 104850 104851 104944 105383 198161 198162 198163 198164 198165 198166 198167 198168 198169 198170 198171 198172 198174 198175 198177 198776 198777 198784
104944 28 103808 104843 104844 104845 104846 104847 104848 104849 104850 104851 198161 198162 198163 198164 198165 198166 198167 198168 198169 198170 198171 198172 198173 198175 198177 198776 198777 198784
198170 30 103808 104843 104844 104845 104846 104847 104848 104849 104850 104851 104944 105383 198161 198162 198163 198164 198165 198166 198167 198168 198169 198171 198172 198173 198174 198175 198177 198776 198777 198784
104847 30 103808 104843 104844 104845 104846 104848 104849 104850 104851 104944 105383 198161 198162 198163 198164 198165 198166 198167 198168 198169 198170 198171 198172 198173 198174 198175 198177 198776 198777 198784
198171 30 103808 104843 104844 104845 104846 104847 104848 104849 104850 104851 104944 105383 198161 198162 198163 198164 198165 198166 198167 198168 198169 198170 198172 198173 198174 198175 198177 198776 198777 198784
104848 29 103808 104843 104845 104846 104847 104849 104850 104851 104944 105383 198161 198162 198163 198164 198165 198166 198167 198168 198169 198170 198171 198172 198173 198174 198175 198177 198776 198777 198784
104845 28 103808 104843 104844 104846 104847 104848 104851 104944 105383 198161 198162 198163 198164 198165 198166 198167 198168 198169 198170 198171 198172 198173 198174 198175 198177 198776 198777 198784
104846 29 103808 104843 104844 104845 104847 104848 104849 104851 104944 105383 198161 198162 198163 198164 198165 198166 198167 198168 198169 198170 198171 198172 198173 198174 198175 198177 198776 198777 198784
104849 28 103808 104843 104846 104847 104848 104850 104851 104944 105383 198161 198162 198163 198164 198165 198166 198167 198168 198169 198170 198171 198172 198173 198174 198175 198177 198776 198777 198784
85986 1 178739
